Senha=11111
UltimoLogin=05/04/2024 - 06:00:56
IP=255.255.255.255
Dinheiro=2700
Level=0
Skin=203
Interior=0
VirtualWorld=0
Estrelas=0
Vida=100.000000
Colete=0.000000
Org=0
Sexo=2
Fome=2
Sede=20
Admin=0
X=-1501.304199
Y=-275.550750
Z=13.993101
A=276.970886
Banco=0
Mochila=0
Arma0=0
Municao0=0
Arma1=0
Municao1=0
Arma2=0
Municao2=0
Arma3=0
Municao3=0
Arma4=0
Municao4=0
Arma5=0
Municao5=0
Arma6=0
Municao6=0
Arma7=0
Municao7=0
Arma8=0
Municao8=0
Arma9=0
Municao9=0
Arma10=0
Municao10=0
Arma11=0
Municao11=0
Arma12=0
Municao12=0
Salario_minutos=38
Salario_segundos=36
