CarID = 415
PosX = 2124.93334960
PosY = -1132.29614257
PosZ = 25.24147796
PosA = 350.39645385
